0.0168137375585847,0
0.010299863137051718,1
0.006986849585961026,2
0.005062507787944564,3
0.0038325696531544516,4
0.002992562350915389,5
0.0023915036880086276,6
0.001946515779008028,7
0.0016083511965020421,8
0.001345924027898587,9
0.0011386864012624873,10
0.0009725616307233638,11
0.0008376287316979735,12
0.000726732463079129,13
0.0006346122995606446,14
0.000557337053526752,15
0.0004919270596757024,16
0.00043609547329624503,17
0.0003880674303358214,18
0.0003464513697517617,19
0.00031014604619394095,20
0.0002782724135284358,21
0.00025012311954514705,22
0.00022512464907333514,23
0.0002028086665982804,24
0.00018279012621299112,25
0.00016475041113001593,26
0.00014842424638078483,27
0.00013358946660704568,28
0.0001200589614733419,29
0.00010767429430168049,30
9.63006152822408e-05,31
8.582258283821071e-05,32
7.614107493970525e-05,33
6.717052302196856e-05,34
5.883673936282091e-05,35
5.107513766273736e-05,36
4.382926855867146e-05,37
3.704960863975919e-05,38
3.0692554499882754e-05,39
2.4719583402706077e-05,40
1.9096549949890957e-05,41
1.37930942562415e-05,42
8.7821419399729e-06,43
4.039480029610341e-06,44
-4.5660410272262694e-07,45
-4.72563127594386e-06,46
-8.785195080701149e-06,47
-1.2651189545477709e-05,48
-1.6338005686931935e-05,49
-1.985870173927826e-05,50
-2.322515104187016e-05,51
-2.644817089907136e-05,52
-2.9537635182235773e-05,53
-3.25025729966338e-05,54
-3.535125536779631e-05,55
-3.80912715971369e-05,56
-4.0729596683981056e-05,57
-4.32726510007576e-05,58
-4.572635323243321e-05,59
-4.8096167444111895e-05,60
-5.038714501707347e-05,61
-5.260396208931967e-05,62
-5.4750953048621456e-05,63
-5.683214055140595e-05,64
-5.88512624773668e-05,65
-6.081179617559959e-05,66
-6.271698031184994e-05,67
-6.456983458686796e-05,68
-6.637317756185705e-05,69
-6.812964279772757e-05,70
-6.984169348959832e-05,71
-7.151163575613373e-05,72
-7.314163072435734e-05,73
-7.473370553412036e-05,74
-7.628976337207206e-05,75
-7.78115926324751e-05,76
-7.930087529127788e-05,77
-8.075919457028275e-05,78
-8.218804195984733e-05,79
-8.35888236611712e-05,80
-8.496286650271508e-05,81
-8.631142337956228e-05,82
-8.763567825946061e-05,83
-8.893675079479502e-05,84
-9.021570057576225e-05,85
-9.147353105648502e-05,86
-9.271119318266245e-05,87
-9.392958874655459e-05,88
-9.512957349260395e-05,89
-9.63119599947687e-05,90
-9.747752032464887e-05,91
-9.862698852770286e-05,92
-9.976106292325082e-05,93
-0.00010088040824252604,94
-0.00010198565761774323,95
-0.00010307741443399155,96
-0.00010415625405471289,97
-0.00010522272543058202,98
-0.00010627735260075179,99
-0.00010732063609465699,100
-0.00010835305424187138,101
-0.00010937506439688209,102
-0.00011038710408507098,103
-0.0001113895920756734,104
-0.00011238292938701216,105
-0.00011336750022887358,106
-0.00011434367288650278,107
-0.00011531180055033714,108
-0.00011627222209527318,109
-0.00011722526281296402,110
-0.00011817123510037437,111
-0.00011911043910757132,112
-0.00012004316334750288,113
-0.00012096968527030799,114
-0.00012189027180451133,115
-0.00012280517986728217,116
-0.00012371465684577455,117
-0.00012461894105142077,118
-0.00012551826214891323,119
-0.00012641284156148498,120
-0.00012730289285398615,121
-0.00012818862209514582,122
-0.00012907022820031233,123
-0.00012994790325587525,124
-0.000130821832826489,125
-0.00013169219624614126,126
-0.00013255916689403833,127
-0.00013342291245621476,128
-0.00013428359517371333,129
-0.00013514137207812455,130
-0.00013599639521522493,131
-0.00013684881185740212,132
-0.00013769876470551287,133
-0.00013854639208077643,134
-0.00013939182810726787,135
-0.0001402352028855409,136
-0.00014107664265787412,137
-0.00014191626996560653,138
-0.0001427542037989964,139
-0.00014359055974001326,140
-0.0001444254500984451,141
-0.0001452589840416821,142
-0.00014609126771851453,143
-0.00014692240437726292,144
-0.00014775249447853954,145
-0.00014858163580292217,146
-0.0001494099235538055,147
-0.00015023745045567868,148
-0.000151064306848064,149
-0.00015189058077533802,150
-0.00015271635807264332,151
-0.0001535417224480879,152
-0.00015436675556141716,153
-0.00015519153709933408,154
-0.00015601614484763227,155
-0.00015684065476029847,156
-0.00015766514102573176,157
-0.00015848967613021867,158
-0.00015931433091879643,159
-0.00016013917465362848,160
-0.00016096427507001048,161
-0.00016178969843011853,162
-0.0001626155095746052,163
-0.0001634417719721431,164
-0.00016426854776701165,165
-0.0001650958978248162,166
-0.00016592388177642516,167
-0.0001667525580602058,168
-0.00016758198396263588,169
-0.00016841221565736274,170
-0.0001692433082427804,171
-0.00017007531577818984,172
-0.00017090829131860362,173
-0.0001717422869482561,174
-0.00017257735381287408,175
-0.000173413542150762,176
-0.00017425090132275225,177
-0.0001750894798410698,178
-0.00017592932539715634,179
-0.0001767704848884984,180
-0.00017761300444450094,181
-0.00017845692945144686,182
-0.0001793023045765791,183
-0.000180149173791343,184
-0.00018099758039382216,185
-0.0001818475670304014,186
-0.0001826991757166877,187
-0.00018355244785771946,188
-0.00018440742426749214,189
-0.0001852641451878279,190
-0.00018612265030661513,191
-0.0001869829787754427,192
-0.00018784516922665256,193
-0.00018870925978983354,194
-0.00018957528810777788,195
-0.00019044329135192158,196
-0.0001913133062372875,197
-0.00019218536903695146,198
-0.0001930595155960481,199
-0.00019393578134533506,200
-0.0001948142013143312,201
-0.00019569481014404527,202
-0.00019657764209931005,203
-0.0001974627310807366,204
-0.00019835011063630266,205
-0.00019923981397258834,206
-0.0002001318739656724,207
-0.0002010263231717009,208
-0.00020192319383714047,209
-0.00020282251790872713,210
-0.0002037243270431218,211
-0.00020462865261628314,212
-0.00020553552573256657,213
-0.000206444977233561,214
-0.00020735703770667052,215
-0.00020827173749345124,216
-0.0002091891066977114,217
-0.00021010917519338223,218
-0.00021103197263216882,219
-0.00021195752845098737,220
-0.0002128858718791964,221
-0.00021381703194562878,222
-0.00021475103748543235,223
-0.00021568791714672347,224
-0.00021662769939706167,225
-0.00021757041252975067,226
-0.00021851608466997102,227
-0.00021946474378075083,228
-0.000220416417668779,229
-0.00022137113399006708,230
-0.0002223289202554633,231
-0.0002232898038360254,232
-0.00022425381196825508,233
-0.00022522097175919922,234
-0.0002261913101914228,235
-0.00022716485412785606,236
-0.00022814163031652162,237
-0.00022912166539514387,238
-0.00023010498589564517,239
-0.00023109161824853258,240
-0.00023208158878717722,241
-0.00023307492375199184,242
-0.0002340716492945072,243
-0.00023507179148135235,244
-0.00023607537629814087,245
-0.0002370824296532661,246
-0.00023809297738160807,247
-0.00023910704524815482,248
-0.0002401246589515413,249
-0.00024114584412750703,250
-0.00024217062635227616,251
-0.00024319903114586205,252
-0.00024423108397529766,253
-0.00024526681025779543,254
-0.00024630623536383753,255
-0.0002473493846201995,256
-0.000248396283312908,257
-0.00024944695669013576,258
-0.0002505014299650356,259
-0.000251559728318514,260
-0.000252621876901947,261
-0.00025368790083984066,262
-0.0002547578252324355,263
-0.00025583167515825996,264
-0.0002569094756766303,265
-0.00025799125183010164,266
-0.0002590770286468704,267
-0.0002601668311431291,268
-0.00026126068432537537,269
-0.00026235861319267694,270
-0.0002634606427388925,271
-0.0002645667979548512,272
-0.0002656771038304902,273
-0.0002667915853569538,274
-0.000267910267528653,275
-0.00026903317534528745,276
-0.00027016033381383137,277
-0.0002712917679504833,278
-0.0002724275027825821,279
-0.0002735675633504881,280
-0.00027471197470943325,281
-0.00027586076193133785,282
-0.0002770139501065972,283
-0.00027817156434583825,284
-0.00027933362978164674,285
-0.00028050017157026585,286
-0.00028167121489326697,287
-0.00028284678495919444,288
-0.0002840269070051829,289
-0.00028521160629855,290
-0.00028640090813836363,291
-0.0002875948378569859,292
-0.00028879342082159244,293
-0.00028999668243567014,294
-0.0002912046481404915,295
-0.000292417343416568,296
-0.0002936347937850821,297
-0.000294857024809299,298
-0.0002960840620959581,299
-0.0002973159312966452,300
-0.00029855265810914574,301
-0.00029979426827877987,302
-0.00030104078759971925,303
-0.0003022922419162863,304
-0.000303548657124237,305
-0.0003048100591720271,306
-0.00030607647406206116,307
-0.00030734792785192753,308
-0.000308624446655617,309
-0.0003099060566447271,310
-0.0003111927840496515,311
-0.0003124846551607558,312
-0.00031378169632953923,313
-0.0003150839339697834,314
-0.0003163913945586879,315
-0.000317704104637993,316
-0.0003190220908150907,317
-0.000320345379764123,318
-0.00032167399822706917,319
-0.0003230079730148215,320
-0.0003243473310082495,321
-0.00032569209915925463,322
-0.0003270423044918129,323
-0.00032839797410300856,324
-0.0003297591351640577,325
-0.00033112581492132127,326
-0.00033249804069731024,327
-0.00033387583989168026,328
-0.0003352592399822182,329
-0.00033664826852582,330
-0.0003380429531594598,331
-0.00033944332160115124,332
-0.0003408494016509004,333
-0.0003422612211916515,334
-0.0003436788081902247,335
-0.0003451021906982467,336
-0.00034653139685307457,337
-0.00034796645487871185,338
-0.0003494073930867187,339
-0.0003508542398771154,340
-0.00035230702373927893,341
-0.0003537657732528342,342
-0.00035523051708853865,343
-0.00035670128400916114,344
-0.00035817810287035596,345
-0.00035966100262152967,346
-0.00036115001230670456,347
-0.00036264516106537516,348
-0.0003641464781333614,349
-0.0003656539928436553,350
-0.0003671677346272641,351
-0.00036868773301404825,352
-0.00037021401763355494,353
-0.00037174661821584766,354
-0.00037328556459233095,355
-0.00037483088669657195,356
-0.00037638261456511714,357
-0.000377940778338306,358
-0.0003795054082610802,359
-0.00038107653468379013,360
-0.00038265418806299715,361
-0.00038423839896227334,362
-0.00038582919805299677,363
-0.000387426616115145,364
-0.0003890306840380847,365
-0.0003906414328213588,366
-0.00039225889357547017,367
-0.0003938830975226637,368
-0.0003955140759977045,369
-0.0003971518604486545,370
-0.0003987964824376459,371
-0.0004004479736416531,372
-0.0004021063658532616,373
-0.000403771690981435,374
-0.00040544398105228,375
-0.0004071232682098096,376
-0.0004088095847167038,377
-0.0004105029629550685,378
-0.0004122034354271933,379
-0.0004139110347563074,380
-0.00041562579368733285,381
-0.00041734774508763806,382
-0.0004190769219477879,383
-0.00042081335738229387,384
-0.0004225570846303624,385
-0.00042430813705664157,386
-0.0004260665481519672,387
-0.00042783235153410744,388
-0.0004296055809485061,389
-0.0004313862702690255,390
-0.0004331744534986882,391
-0.0004349701647704173,392
-0.00043677343834777653,393
-0.0004385843086257091,394
-0.00044040281013127646,395
-0.00044222897752439565,396
-0.000444062845598576,397
-0.0004459044492816564,398
-0.0004477538236365408,399
-0.00044961100386193344,400
-0.00045147602529307403,401
-0.00045334892340247277,402
-0.0004552297338006442,403
-0.0004571184922368414,404
-0.0004590152345997901,405
-0.00046091999691842174,406
-0.00046283281536260734,407
-0.0004647537262438907,408
-0.0004666827660162218,409
-0.0004686199712766899,410
-0.0004705653787662568,411
-0.0004725190253704903,412
-0.0004744809481202977,413
-0.00047645118419265914,414
-0.00047842977091136084,415
-0.00048041674574773055,416
-0.00048241214632136956,417
-0.0004844160104008892,418
-0.0004864283759046436,419
-0.0004884492809014664,420
-0.0004904787636114051,421
-0.0004925168624064576,422
-0.0004945636158113077,423
-0.0004966190625040624,424
-0.0004986832413169889,425
-0.0005007561912372524,426
-0.0005028379514076543,427
-0.000504928561127371,428
-0.0005070280598526938,429
-0.0005091364871977686,430
-0.0005112538829353362,431
-0.000513380286997475,432
-0.0005155157394763422,433
-0.000517660280624917,434
-0.0005198139508577443,435
-0.0005219767907516788,436
-0.000524148841046631,437
-0.0005263301426463125,438
-0.0005285207366189837,439
-0.0005307206641982006,440
-0.0005329299667835647,441
-0.000535148685941472,442
-0.0005373768634058634,443
-0.0005396145410789768,444
-0.0005418617610320995,445
-0.000544118565506321,446
-0.0005463849969132885,447
-0.0005486610978359623,448
-0.0005509469110293718,449
-0.000553242479421374,450
-0.0005555478461134118,451
-0.000557863054381274,452
-0.0005601881476758566,453
-0.0005625231696239244,454
-0.0005648681640288751,455
-0.0005672231748715033,456
-0.0005695882463107659,457
-0.0005719634226845498,458
-0.0005743487485104397,459
-0.000576744268486487,460
-0.0005791500274919805,461
-0.0005815660705882191,462
-0.0005839924430192836,463
-0.0005864291902128122,464
-0.0005888763577807753,465
-0.0005913339915202535,466
-0.0005938021374142147,467
-0.000596280841632295,468
-0.0005987701505315786,469
-0.0006012701106573808,470
-0.0006037807687440317,471
-0.0006063021717156609,472
-0.0006088343666869841,473
-0.0006113774009640913,474
-0.0006139313220452358,475
-0.0006164961776216245,476
-0.000619072015578211,477
-0.0006216588839944878,478
-0.0006242568311452825,479
-0.0006268659055015536,480
-0.0006294861557311882,481
-0.0006321176306998018,482
-0.000634760379471539,483
-0.0006374144513098752,484
-0.0006400798956784215,485
-0.0006427567622417286,486
-0.0006454451008660943,487
-0.0006481449616203719,488
-0.0006508563947767797,489
-0.0006535794508117121,490
-0.0006563141804065525,491
-0.0006590606344484875,492
-0.000661818864031323,493
-0.0006645889204563016,494
-0.0006673708552329211,495
-0.0006701647200797548,496
-0.0006729705669252745,497
-0.0006757884479086728,498
-0.0006786184153806889,499
-0.0006814605219044351,500
-0.0006843148202562246,501
-0.0006871813634264019,502
-0.0006900602046201737,503
-0.0006929513972584414,504
-0.0006958549949786366,505
-0.000698771051635556,506
-0.0007016996213021993,507
-0.0007046407582706086,508
-0.0007075945170527092,509
-0.0007105609523811509,510
-0.0007135401192101534,511
-0.0007165320727163497,512
-0.0007195368682996353,513
-0.0007225545615840149,514
-0.0007255852084184536,515
-0.0007286288648777282,516
-0.0007316855872632804,517
-0.0007347554321040718,518
-0.0007378384561574404,519
-0.000740934716409958,520
-0.0007440442700782903,521
-0.0007471671746100577,522
-0.0007503034876846981,523
-0.0007534532672143304,524
-0.0007566165713446217,525
-0.0007597934584556528,526
-0.0007629839871627886,527
-0.0007661882163175475,528
-0.0007694062050084735,529
-0.0007726380125620098,530
-0.000775883698543374,531
-0.000779143322757434,532
-0.0007824169452495866,533
-0.0007857046263066369,534
-0.0007890064264576788,535
-0.0007923224064749785,536
-0.0007956526273748581,537
-0.0007989971504185812,538
-0.0008023560371132397,539
-0.000805729349212643,540
-0.0008091171487182068,541
-0.0008125194978798464,542
-0.0008159364591968684,543
-0.0008193680954188649,544
-0.0008228144695466103,545
-0.0008262756448329576,546
-0.0008297516847837384,547
-0.0008332426531586621,548
-0.0008367486139722177,549
-0.0008402696314945764,550
-0.0008438057702524972,551
-0.0008473570950302314,552
-0.0008509236708704308,553
-0.000854505563075055,554
-0.0008581028372062828,555
-0.0008617155590874226,556
-0.000865343794803825,557
-0.0008689876107037968,558
-0.0008726470733995168,559
-0.0008763222497679515,560
-0.0008800132069517739,561
-0.0008837200123602821,562
-0.0008874427336703199,563
-0.0008911814388271985,564
-0.0008949361960456194,565
-0.0008987070738105991,566
-0.000902494140878394,567
-0.0009062974662774273,568
-0.0009101171193092167,569
-0.0009139531695493043,570
-0.0009178056868481849,571
-0.0009216747413322402,572
-0.0009255604034046687,573
-0.000929462743746421,574
-0.0009333818333171344,575
-0.0009373177433560682,576
-0.0009412705453830416,577
-0.0009452403111993705,578
-0.0009492271128888085,579
-0.0009532310228184851,580
-0.0009572521136398485,581
-0.0009612904582896078,582
-0.000965346129990674,583
-0.000969419202253107,584
-0.0009735097488750598,585
-0.0009776178439437244,586
-0.000981743561836278,587
-0.0009858869772208332,588
-0.0009900481650573847,589
-0.0009942272005987593,590
-0.0009984241593915684,591
-0.0010026391172771574,592
-0.0010068721503925572,593
-0.0010111233351714406,594
-0.0010153927483450723,595
-0.001019680466943266,596
-0.0010239865682953378,597
-0.0010283111300310643,598
-0.0010326542300816374,599
-0.0010370159466806222,600
-0.0010413963583649152,601
-0.0010457955439757026,602
-0.0010502135826594198,603
-0.0010546505538687114,604
-0.001059106537363391,605
-0.0010635816132114014,606
-0.001068075861789778,607
-0.0010725893637856092,608
-0.0010771222001969988,609
-0.0010816744523340289,610
-0.0010862462018197232,611
-0.0010908375305910115,612
-0.0010954485208996912,613
-0.0011000792553133942,614
-0.0011047298167165497,615
-0.0011094002883113496,616
-0.0011140907536187144,617
-0.0011188012964792567,618
-0.001123532001054249,619
-0.0011282829518265874,620
-0.001133054233601759,621
-0.0011378459315088062,622
-0.0011426581310012957,623
-0.0011474909178582804,624
-0.0011523443781852696,625
-0.0011572185984151926,626
-0.0011621136653093655,627
-0.0011670296659584587,628
-0.0011719666877834597,629
-0.0011769248185366427,630
-0.0011819041463025312,631
-0.001186904759498865,632
-0.0011919267468775657,633
-0.0011969701975257014,634
-0.0012020352008664504,635
-0.0012071218466600676,636
-0.0012122302250048478,637
-0.0012173604263380877,638
-0.0012225125414370526,639
-0.0012276866614199362,640
-0.0012328828777468245,641
-0.0012381012822206571,642
-0.0012433419669881892,643
-0.0012486050245409505,644
-0.0012538905477162076,645
-0.0012591986296979214,646
-0.0012645293640177065,647
-0.0012698828445557905,648
-0.0012752591655419672,649
-0.001280658421556558,650
-0.0012860807075313634,651
-0.0012915261187506197,652
-0.0012969947508519515,653
-0.0013024866998273242,654
-0.001308002062023997,655
-0.0013135409341454723,656
-0.0013191034132524451,657
-0.0013246895967637517,658
-0.0013302995824573166,659
-0.0013359334684710988,660
-0.0013415913533040352,661
-0.0013472733358169857,662
-0.0013529795152336735,663
-0.0013587099911416267,664
-0.0013644648634931165,665
-0.0013702442326060961,666
-0.0013760481991651344,667
-0.0013818768642223536,668
-0.001387730329198359,669
-0.001393608695883172,670
-0.001399512066437159,671
-0.001405440543391959,672
-0.0014113942296514097,673
-0.0014173732284924708,674
-0.0014233776435661467,675
-0.0014294075788984062,676
-0.0014354631388911005,677
-0.0014415444283228794,678
-0.0014476515523501056,679
-0.0014537846165077657,680
-0.0014599437267103783,681
-0.0014661289892529052,682
-0.001472340510811652,683
-0.0014785783984451728,684
-0.0014848427595951703,685
-0.0014911337020873923,686
-0.001497451334132527,687
-0.0015037957643270967,688
-0.001510167101654346,689
-0.0015165654554851287,690
-0.0015229909355787947,691
-0.001529443652084067,692
-0.0015359237155399257,693
-0.0015424312368764782,694
-0.001548966327415837,695
-0.001555529098872985,696
-0.0015621196633566444,697
-0.0015687381333701397,698
-0.0015753846218122573,699
-0.0015820592419781023,700
-0.0015887621075599526,701
-0.001595493332648109,702
-0.00160225303173174,703
-0.0016090413196997273,704
-0.0016158583118415027,705
-0.0016227041238478872,706
-0.0016295788718119191,707
-0.0016364826722296848,708
-0.001643415642001142,709
-0.0016503778984309416,710
-0.001657369559229242,711
-0.0016643907425125239,712
-0.0016714415668043956,713
-0.0016785221510364,714
-0.0016856326145488125,715
-0.0016927730770914368,716
-0.001699943658824397,717
-0.0017071444803189234,718
-0.0017143756625581335,719
-0.0017216373269378117,720
-0.0017289295952671797,721
-0.0017362525897696667,722
-0.0017436064330836715,723
-0.0017509912482633198,724
-0.0017584071587792196,725
-0.0017658542885192077,726
-0.0017733327617890943,727
-0.0017808427033133988,728
-0.0017883842382360854,729
-0.0017959574921212877,730
-0.001803562590954032,731
-0.0018111996611409526,732
-0.0018188688295110059,733
-0.0018265702233161705,734
-0.0018343039702321494,735
-0.001842070198359065,736
-0.0018498690362221434,737
-0.0018577006127723987,738
-0.0018655650573873076,739
-0.0018734624998714793,740
-0.001881393070457318,741
-0.0018893568998056818,742
-0.0018973541190065305,743
-0.001905384859579572,744
-0.001913449253474899,745
-0.00192154743307362,746
-0.001929679531188484,747
-0.0019378456810644964,748
-0.0019460460163795306,749
-0.0019542806712449334,750
-0.001962549780206117,751
-0.001970853478243151,752
-0.0019791919007713455,753
-0.0019875651836418233,754
-0.0019959734631420888,755
-0.0020044168759965862,756
-0.0020128955593672533,757
-0.0020214096508540647,758
-0.00202995928849557,759
-0.0020385446107694188,760
-0.002047165756592886,761
-0.002055822865323383,762
-0.0020645160767589583,763
-0.0020732455311388005,764
-0.0020820113691437207,765
-0.0020908137318966335,766
-0.00209965276096303,767
-0.0021085285983514362,768
-0.0021174413865138685,769
-0.0021263912683462793,770
-0.0021353783871889903,771
-0.0021444028868271205,772
-0.0021534649114910037,773
-0.002162564605856594,774
-0.002171702115045871,775
-0.002180877584627221,776
-0.002190091160615823,777
-0.0021993429894740166,778
-0.0022086332181116618,779
-0.0022179619938864897,780
-0.0022273294646044453,781
-0.0022367357785200146,782
-0.002246181084336547,783
-0.0022556655312065653,784
-0.002265189268732065,785
-0.0022747524469648017,786
-0.002284355216406572,787
-0.0022939977280094807,788
-0.0023036801331761964,789
-0.0023134025837601995,790
-0.0023231652320660156,791
-0.0023329682308494398,792
-0.0023428117333177487,793
-0.002352695893129902,794
-0.002362620864396735,795
-0.0023725868016811276,796
-0.002382593859998183,797
-0.0023926421948153725,798
-0.0024027319620526814,799
-0.0024128633180827397,800
-0.0024230364197309405,801
-0.002433251424275545,802
-0.002443508489447776,803
-0.0024538077734318994,804
-0.0024641494348652928,805
-0.002474533632838501,806
-0.0024849605268952757,807
-0.0024954302770326103,808
-0.0025059430437007527,809
-0.00251649898780321,810
-0.002527098270696738,811
-0.002537741054191316,812
-0.0025484275005501138,813
-0.002559157772489435,814
-0.0025699320331786573,815
-0.0025807504462401504,816
-0.0025916131757491843,817
-0.0026025203862338224,818
-0.002613472242674798,819
-0.002624468910505381,820
-0.0026355105556112265,821
-0.002646597344330206,822
-0.002657729443452232,823
-0.0026689070202190607,824
-0.002680130242324079,825
-0.002691399277912085,826
-0.00270271429557904,827
-0.0027140754643718164,828
-0.002725482953787924,829
-0.002736936933775221,830
-0.002748437574731614,831
-0.0027599850475047327,832
-0.002771579523391597,833
-0.002783221174138265,834
-0.0027949101719394603,835
-0.0028066466894381926,836
-0.002818430899725351,837
-0.002830262976339284,838
-0.00284214309326537,839
-0.0028540714249355565,840
-0.0028660481462278943,841
-0.00287807343246605,842
-0.002890147459418798,843
-0.0029022704032995003,844
-0.0029144424407655635,845
-0.0029266637489178825,846
-0.0029389345053002637,847
-0.002951254887898827,848
-0.002963625075141396,849
-0.0029760452458968646,850
-0.0029885155794745484,851
-0.0030010362556235136,852
-0.00301360745453189,853
-0.0030262293568261637,854
-0.0030389021435704515,855
-0.0030516259962657544,856
-0.003064401096849193,857
-0.003077227627693224,858
-0.003090105771604833,859
-0.003103035711824715,860
-0.0031160176320264234,861
-0.0031290517163155137,862
-0.0031421381492286495,863
-0.0031552771157327066,864
-0.0031684688012238397,865
-0.0031817133915265396,866
-0.0031950110728926648,867
-0.0032083620320004533,868
-0.003221766455953513,869
-0.003235224532279787,870
-0.003248736448930508,871
-0.0032623023942791184,872
-0.003275922557120177,873
-0.003289597126668238,874
-0.0033033262925567164,875
-0.0033171102448367206,876
-0.0033309491739758725,877
-0.0033448432708570956,878
-0.0033587927267773898,879
-0.0033727977334465763,880
-0.003386858482986023,881
-0.0034009751679273457,882
-0.0034151479812110884,883
-0.0034293771161853733,884
-0.0034436627666045404,885
-0.0034580051266277436,886
-0.003472404390817548,887
-0.003486860754138479,888
-0.0035013744119555624,889
-0.0035159455600328356,890
-0.0035305743945318368,891
-0.0035452611120100628,892
-0.0035600059094194106,893
-0.003574808984104589,894
-0.0035896705338015066,895
-0.0036045907566356348,896
-0.003619569851120345,897
-0.003634608016155221,898
-0.0036497054510243442,899
-0.0036648623553945585,900
-0.0036800789293136974,901
-0.0036953553732088,902
-0.003710691887884289,903
-0.003726088674520131,904
-0.0037415459346699627,905
-0.0037570638702591934,906
-0.0037726426835830856,907
-0.003788282577304801,908
-0.0038039837544534215,909
-0.0038197464184219513,910
-0.003835570772965275,911
-0.003851457022198103,912
-0.003867405370592887,913
-0.0038834160229776985,914
-0.003899489184534089,915
-0.003915625060794919,916
-0.003931823857642154,917
-0.003948085781304647,918
-0.003964411038355867,919
-0.003980799835711632,920
-0.003997252380627774,921
-0.004013768880697816,922
-0.004030349543850588,923
-0.004046994578347829,924
-0.004063704192781756,925
-0.004080478596072608,926
-0.004097317997466148,927
-0.00411422260653115,928
-0.004131192633156849,929
-0.004148228287550355,930
-0.004165329780234055,931
-0.0041824973220429594,932
-0.004199731124122041,933
-0.004217031397923528,934
-0.004234398355204178,935
-0.004251832208022505,936
-0.0042693331687359976,937
-0.0042869014499982835,938
-0.004304537264756277,939
-0.004322240826247291,940
-0.00434001234799612,941
-0.0043578520438120796,942
-0.004375760127786036,943
-0.004393736814287381,944
-0.004411782317960987,945
-0.0044298968537241305,946
-0.0044480806367633765,947
-0.004466333882531436,948
-0.00448465680674399,949
-0.004503049625376475,950
-0.004521512554660847,951
-0.004540045811082297,952
-0.004558649611375956,953
-0.004577324172523534,954
-0.004596069711749964,955
-0.004614886446519977,956
-0.00463377459453467,957
-0.004652734373728025,958
-0.0046717660022633995,959
-0.004690869698529983,960
-0.004710045681139219,961
-0.004729294168921191,962
-0.004748615380920976,963
-0.004768009536394964,964
-0.004787476854807146,965
-0.004807017555825356,966
-0.0048266318593174875,967
-0.004846319985347682,968
-0.004866082154172465,969
-0.004885918586236856,970
-0.004905829502170449,971
-0.0049258151227834475,972
-0.004945875669062669,973
-0.004966011362167515,974
-0.004986222423425904,975
-0.005006509074330166,976
-0.005026871536532909,977
-0.005047310031842835,978
-0.005067824782220545,979
-0.005088416009774273,980
-0.005109083936755623,981
-0.005129828785555237,982
-0.00515065077869844,983
-0.005171550138840856,984
-0.005192527088763977,985
-0.005213581851370689,986
-0.005234714649680786,987
-0.005255925706826419,988
-0.005277215246047528,989
-0.005298583490687226,990
-0.0053200306641871505,991
-0.00534155699008278,992
-0.0053631626919987095,993
-0.005384847993643887,994
-0.005406613118806817,995
-0.005428458291350732,996
-0.005450383735208709,997
-0.005472389674378765,998
-0.005494476332918912,999
