0.01640728228370668,0
0.010048404564038847,1
0.006831155343868587,2
0.004971319283653151,3
0.0037861660120553603,4
0.0029774340803619707,5
0.002398107669390902,6
0.001968044373750793,7
0.0016399380330421984,8
0.001384093320885683,9
0.00118096108280034,10
0.0010171823214091857,11
0.000883351895471936,12
0.0007726854482485011,13
0.0006801892321985705,14
0.0006021240204865818,15
0.0005356482670083792,16
0.00047857442463294665,17
0.0004291988718421427,18
0.0003861809682394357,19
0.0003484556368600815,20
0.0003151692720316563,21
0.00028563215194893463,22
0.00025928270478720836,23
0.00023566040111189723,24
0.00021438499856341083,25
0.00019514051428749717,26
0.0001776627501753586,27
0.00016172951164758904,28
0.00014715288520783895,29
0.0001337731014999538,30
0.00012145362802511248,31
0.00011007722186967572,32
9.95427366244e-05,33
8.976252532883306e-05,34
8.066031711896228e-05,35
7.216947240695368e-05,36
6.423154212244747e-05,37
5.679507242499215e-05,38
4.981460855026283e-05,39
4.324986095936816e-05,40
3.7065004375203973e-05,41
3.12280861019435e-05,42
2.5710524601747415e-05,43
2.048668292548816e-05,44
1.5533504473957195e-05,45
1.083020086504673e-05,46
6.357983525623581e-06,47
2.099832110694824e-06,48
-1.959705948149019e-06,49
-5.834689489798275e-06,50
-9.537935198249645e-06,51
-1.3081149988728452e-05,52
-1.6475046957427276e-05,53
-1.972944720904331e-05,54
-2.2853369514412205e-05,55
-2.5855109450480985e-05,56
-2.8742309425246913e-05,57
-3.1522020781962835e-05,58
-3.420075900249118e-05,59
-3.6784552883211495e-05,60
-3.927898843350219e-05,61
-4.168924814258232e-05,62
-4.402014617219014e-05,63
-4.627615995754956e-05,64
-4.8461458635165696e-05,65
-5.057992866140294e-05,66
-5.263519693905754e-05,67
-5.463065172901186e-05,68
-5.6569461589530955e-05,69
-5.845459255598156e-05,70
-6.028882374800929e-05,71
-6.207476156890458e-05,72
-6.381485264252028e-05,73
-6.551139561625283e-05,74
-6.716655194390619e-05,75
-6.878235574942304e-05,76
-7.036072286123236e-05,77
-7.190345909711179e-05,78
-7.341226787080665e-05,79
-7.488875718403161e-05,80
-7.633444606076437e-05,81
-7.775077047481078e-05,82
-7.913908881637479e-05,83
-8.050068693871975e-05,84
-8.183678282188222e-05,85
-8.314853088673609e-05,86
-8.443702598944166e-05,87
-8.570330712340776e-05,88
-8.694836085329956e-05,89
-8.817312450330516e-05,90
-8.937848911979886e-05,91
-9.056530222667778e-05,92
-9.173437038997936e-05,93
-9.28864616068872e-05,94
-9.402230753288338e-05,95
-9.514260555958993e-05,96
-9.624802075474599e-05,97
-9.73391876747778e-05,98
-9.84167120595248e-05,99
-9.948117241787453e-05,100
-0.00010053312151232796,101
-0.00010157308774985027,102
-0.00010260157648576023,103
-0.0001036190712468616,104
-0.000104626034879523,105
-0.00010562291062795648,106
-0.00010661012314753344,107
-0.00010758807945759712,108
-0.00010855716983788705,109
-0.0001095177686723761,110
-0.00011047023524403152,111
-0.0001114149144837486,112
-0.00011235213767646308,113
-0.00011328222312722693,114
-0.00011420547678982848,115
-0.00011512219286035141,116
-0.00011603265433789394,117
-0.00011693713355451294,118
-0.00011783589267631118,119
-0.00011872918417745144,120
-0.00011961725128875824,121
-0.00012050032842245324,122
-0.00012137864157446501,123
-0.00012225240870565604,124
-0.00012312184010322049,125
-0.00012398713872342212,126
-0.00012484850051676415,127
-0.00012570611473661288,128
-0.00012656016423222855,129
-0.00012741082572709648,130
-0.000128258270083394,131
-0.00012910266255337626,132
-0.00012994416301841282,133
-0.0001307829262163632,134
-0.0001316191019579358,135
-0.00013245283533263412,136
-0.00013328426690485855,137
-0.00013411353290069685,138
-0.00013494076538590342,139
-0.00013576609243553915,140
-0.00013658963829571373,141
-0.0001374115235378472,142
-0.0001382318652058431,143
-0.00013905077695654158,144
-0.0001398683691938007,145
-0.00014068474919653356,146
-0.00014150002124100957,147
-0.00014231428671771182,148
-0.00014312764424302454,149
-0.000143940189766011,150
-0.00014475201667052547,151
-0.0001455632158728916,152
-0.00014637387591536508,153
-0.00014718408305558692,154
-0.00014799392135222335,155
-0.00014880347274697606,156
-0.00014961281714313818,157
-0.00015042203248086085,158
-0.00015123119480928732,159
-0.0001520403783557025,160
-0.00015284965559183848,161
-0.0001536590972974689,162
-0.00015446877262141913,163
-0.0001552787491401103,164
-0.00015608909291375266,165
-0.00015689986854029392,166
-0.00015771113920722604,167
-0.00015852296674134707,168
-0.00015933541165656987,169
-0.00016014853319986578,170
-0.00016096238939542542,171
-0.00016177703708711693,172
-0.00016259253197931512,173
-0.0001634089286761747,174
-0.00016422628071941392,175
-0.00016504464062467425,176
-0.0001658640599165173,177
-0.0001666845891621175,178
-0.0001675062780037063,179
-0.00016832917518982068,180
-0.00016915332860540733,181
-0.00016997878530083002,182
-0.00017080559151982596,183
-0.00017163379272645566,184
-0.0001724634336310873,185
-0.0001732945582154561,186
-0.000174127209756836,187
-0.00017496143085136046,188
-0.00017579726343652666,189
-0.0001766347488129163,190
-0.00017747392766516445,191
-0.00017831484008220676,192
-0.00017915752557683348,193
-0.00018000202310457786,194
-0.0001808483710819659,195
-0.00018169660740415124,196
-0.00018254676946196068,197
-0.00018339889415837227,198
-0.00018425301792444808,199
-0.0001851091767347435,200
-0.00018596740612221202,201
-0.00018682774119262556,202
-0.0001876902166385285,203
-0.00018855486675274316,204
-0.00018942172544144335,205
-0.0001902908262368129,206
-0.00019116220230930362,207
-0.0001920358864795086,208
-0.00019291191122966452,209
-0.00019379030871479665,210
-0.00019467111077352004,211
-0.0001955543489385088,212
-0.00019644005444664653,213
-0.0001973282582488679,214
-0.00019821899101970467,215
-0.00019911228316654437,216
-0.00020000816483861373,217
-0.0002009066659356961,218
-0.0002018078161165914,219
-0.00020271164480732952,220
-0.00020361818120914386,221
-0.00020452745430621477,222
-0.00020543949287319036,223
-0.0002063543254824924,224
-0.00020727198051141485,225
-0.00020819248614902203,226
-0.0002091158704028537,227
-0.0002100421611054425,228
-0.00021097138592065213,229
-0.00021190357234983983,230
-0.00021283874773785145,231
-0.00021377693927885307,232
-0.00021471817402200514,233
-0.00021566247887698484,234
-0.0002166098806193613,235
-0.00021756040589582812,236
-0.00021851408122929854,237
-0.00021947093302386773,238
-0.00022043098756964623,239
-0.00022139427104746852,240
-0.00022236080953348151,241
-0.0002233306290036162,242
-0.0002243037553379465,243
-0.0002252802143249387,244
-0.00022626003166559538,245
-0.00022724323297749664,246
-0.00022822984379874237,247
-0.0002292198895917983,248
-0.0002302133957472492,249
-0.00023121038758746205,250
-0.0002322108903701613,251
-0.00023321492929192068,252
-0.00023422252949157176,253
-0.00023523371605353423,254
-0.00023624851401106843,255
-0.00023726694834945347,256
-0.00023828904400909358,257
-0.00023931482588855318,258
-0.00024034431884752513,259
-0.00024137754770973236,260
-0.00024241453726576555,261
-0.00024345531227585945,262
-0.0002444998974726082,263
-0.00024554831756362237,264
-0.00024660059723413067,265
-0.0002476567611495247,266
-0.0002487168339578519,267
-0.0002497808402922562,268
-0.00025084880477336846,269
-0.00025192075201164863,270
-0.00025299670660967964,271
-0.0002540766931644164,272
-0.00025516073626938974,273
-0.0002562488605168668,274
-0.00025734109049997016,275
-0.0002584374508147554,276
-0.0002595379660622492,277
-0.00026064266085044913,278
-0.00026175155979628616,279
-0.00026286468752755027,280
-0.0002639820686847813,281
-0.0002651037279231254,282
-0.0002662296899141581,283
-0.0002673599793476748,284
-0.00026849462093345036,285
-0.0002696336394029675,286
-0.00027077705951111596,287
-0.0002719249060378628,288
-0.0002730772037898941,289
-0.00027423397760223005,290
-0.00027539525233981316,291
-0.0002765610528990708,292
-0.0002777314042094528,293
-0.0002789063312349443,294
-0.0002800858589755556,295
-0.0002812700124687883,296
-0.00028245881679107946,297
-0.00028365229705922397,298
-0.0002848504784317756,299
-0.0002860533861104277,300
-0.0002872610453413734,301
-0.0002884734814166473,302
-0.000289690719675447,303
-0.00029091278550543744,304
-0.0002921397043440362,305
-0.0002933715016796825,306
-0.0002946082030530887,307
-0.00029584983405847473,308
-0.0002970964203447878,309
-0.00029834798761690576,310
-0.00029960456163682534,311
-0.0003008661682248356,312
-0.0003021328332606774,313
-0.00030340458268468876,314
-0.0003046814424989364,315
-0.0003059634387683345,316
-0.00030725059762175033,317
-0.0003085429452530975,318
-0.0003098405079224174,319
-0.0003111433119569481,320
-0.0003124513837521825,321
-0.0003137647497729149,322
-0.00031508343655427685,323
-0.00031640747070276257,324
-0.0003177368788972437,325
-0.0003190716878899746,326
-0.00032041192450758745,327
-0.0003217576156520785,328
-0.0003231087883017842,329
-0.00032446546951234943,330
-0.00032582768641768674,331
-0.0003271954662309263,332
-0.0003285688362453593,333
-0.00032994782383537186,334
-0.000331332456457372,335
-0.00033272276165070873,336
-0.00033411876703858445,337
-0.0003355205003289589,338
-0.00033692798931544813,339
-0.000338341261878215,340
-0.00033976034598485414,341
-0.00034118526969127016,342
-0.00034261606114255013,343
-0.0003440527485738297,344
-0.00034549536031115355,345
-0.0003469439247723303,346
-0.0003483984704677818,347
-0.0003498590260013875,348
-0.0003513256200713229,349
-0.0003527982814708942,350
-0.0003542770390893668,351
-0.00035576192191278993,352
-0.00035725295902481704,353
-0.00035875017960752055,354
-0.0003602536129422034,355
-0.0003617632884102064,356
-0.00036327923549371073,357
-0.0003648014837765377,358
-0.0003663300629449438,359
-0.0003678650027884127,360
-0.00036940633320044355,361
-0.0003709540841793357,362
-0.0003725082858289702,363
-0.00037406896835958867,364
-0.00037563616208856825,365
-0.0003772098974411939,366
-0.0003787902049514282,367
-0.0003803771152626779,368
-0.0003819706591285579,369
-0.0003835708674136531,370
-0.0003851777710942767,371
-0.00038679140125922777,372
-0.0003884117891105448,373
-0.0003900389659642582,374
-0.00039167296325114023,375
-0.00039331381251745274,376
-0.00039496154542569337,377
-0.0003966161937553399,378
-0.00039827778940359186,379
-0.0003999463643861117,380
-0.0004016219508377636,381
-0.00040330458101335066,382
-0.00040499428728835065,383
-0.00040669110215965106,384
-0.0004083950582462815,385
-0.00041010618829014523,386
-0.00041182452515675053,387
-0.00041355010183593947,388
-0.000415282951442616,389
-0.0004170231072174735,390
-0.00041877060252772075,391
-0.0004205254708678072,392
-0.00042228774586014744,393
-0.00042405746125584465,394
-0.00042583465093541336,395
-0.000427619348909502,396
-0.0004294115893196134,397
-0.00043121140643882685,398
-0.00043301883467251727,399
-0.00043483390855907593,400
-0.000436656662770629,401
-0.00043848713211375683,402
-0.00044032535153021264,403
-0.00044217135609764073,404
-0.0004440251810302941,405
-0.00044588686167975255,406
-0.00044775643353564033,407
-0.0004496339322263431,408
-0.0004515193935197259,409
-0.00045341285332384994,410
-0.00045531434768768974,411
-0.0004572239128018509,412
-0.000459141584999287,413
-0.00046106740075601725,414
-0.0004630013966918437,415
-0.00046494360957106924,416
-0.0004668940763032154,417
-0.00046885283394374025,418
-0.00047081991969475723,419
-0.0004727953709057534,420
-0.00047477922507430846,421
-0.00047677151984681443,422
-0.00047877229301919526,423
-0.00048078158253762676,424
-0.0004827994264992577,425
-0.00048482586315293,426
-0.00048686093089990174,427
-0.000488904668294568,428
-0.000490957114045184,429
-0.0004930183070145888,430
-0.0004950882862209282,431
-0.0004971670908383804,432
-0.0004992547601978805,433
-0.0005013513337878465,434
-0.0005034568512549055,435
-0.0005055713524046223,436
-0.0005076948772022256,437
-0.0005098274657733384,438
-0.0005119691584047068,439
-0.0005141199955449309,440
-0.0005162800178051955,441
-0.0005184492659600032,442
-0.0005206277809479065,443
-0.0005228156038722424,444
-0.0005250127760018668,445
-0.0005272193387718904,446
-0.0005294353337844162,447
-0.0005316608028092758,448
-0.0005338957877847692,449
-0.0005361403308184043,450
-0.0005383944741876377,451
-0.0005406582603406158,452
-0.0005429317318969186,453
-0.0005452149316483033,454
-0.0005475079025594493,455
-0.0005498106877687035,456
-0.0005521233305888291,457
-0.0005544458745077524,458
-0.0005567783631893137,459
-0.0005591208404740165,460
-0.0005614733503797803,461
-0.0005638359371026939,462
-0.0005662086450177677,463
-0.0005685915186796919,464
-0.0005709846028235907,465
-0.0005733879423657815,466
-0.000575801582404533,467
-0.0005782255682208272,468
-0.0005806599452791185,469
-0.0005831047592280991,470
-0.0005855600559014615,471
-0.0005880258813186644,472
-0.0005905022816856994,473
-0.0005929893033958598,474
-0.0005954869930305082,475
-0.0005979953973598491,476
-0.0006005145633436997,477
-0.0006030445381322639,478
-0.0006055853690669062,479
-0.0006081371036809291,480
-0.000610699789700349,481
-0.0006132734750446761,482
-0.0006158582078276941,483
-0.000618454036358242,484
-0.0006210610091409963,485
-0.0006236791748772567,486
-0.0006263085824657305,487
-0.0006289492810033204,488
-0.0006316013197859131,489
-0.0006342647483091687,490
-0.0006369396162693127,491
-0.0006396259735639284,492
-0.0006423238702927512,493
-0.0006450333567584644,494
-0.0006477544834674962,495
-0.0006504873011308181,496
-0.000653231860664745,497
-0.0006559882131917362,498
-0.000658756410041199,499
-0.0006615365027502921,500
-0.0006643285430647323,501
-0.0006671325829396007,502
-0.0006699486745401517,503
-0.0006727768702426236,504
-0.0006756172226350492,505
-0.0006784697845180692,506
-0.0006813346089057476,507
-0.0006842117490263852,508
-0.0006871012583233396,509
-0.0006900031904558425,510
-0.0006929175992998201,511
-0.000695844538948715,512
-0.0006987840637143095,513
-0.00070173622812755,514
-0.0007047010869393727,515
-0.0007076786951215321,516
-0.0007106691078674289,517
-0.0007136723805929411,518
-0.0007166885689372554,519
-0.0007197177287637009,520
-0.0007227599161605832,521
-0.0007258151874420209,522
-0.0007288835991487836,523
-0.0007319652080491302,524
-0.0007350600711396496,525
-0.0007381682456461025,526
-0.000741289789024265,527
-0.0007444247589607725,528
-0.000747573213373967,529
-0.0007507352104147429,530
-0.0007539108084673977,531
-0.0007571000661504811,532
-0.0007603030423176465,533
-0.0007635197960585051,534
-0.0007667503866994797,535
-0.0007699948738046601,536
-0.000773253317176661,537
-0.0007765257768574796,538
-0.0007798123131293571,539
-0.0007831129865156376,540
-0.0007864278577816325,541
-0.0007897569879354833,542
-0.0007931004382290274,543
-0.0007964582701586646,544
-0.000799830545466224,545
-0.0008032173261398345,546
-0.0008066186744147935,547
-0.0008100346527744402,548
-0.0008134653239510273,549
-0.0008169107509265963,550
-0.0008203709969338515,551
-0.0008238461254570381,552
-0.0008273362002328192,553
-0.0008308412852511549,554
-0.0008343614447561835,555
-0.0008378967432471022,556
-0.0008414472454790502,557
-0.0008450130164639919,558
-0.0008485941214716034,559
-0.0008521906260301574,560
-0.0008558025959274104,561
-0.000859430097211493,562
-0.0008630731961917974,563
-0.000866731959439869,564
-0.0008704064537902985,565
-0.0008740967463416143,566
-0.0008778029044571764,567
-0.0008815249957660713,568
-0.0008852630881640093,569
-0.0008890172498142192,570
-0.0008927875491483486,571
-0.0008965740548673612,572
-0.0009003768359424385,573
-0.0009041959616158788,574
-0.0009080315014020012,575
-0.0009118835250880469,576
-0.0009157521027350835,577
-0.00091963730467891,578
-0.0009235392015309618,579
-0.0009274578641792171,580
-0.000931393363789105,581
-0.0009353457718044125,582
-0.0009393151599481943,583
-0.0009433016002236819,584
-0.0009473051649151943,585
-0.0009513259265890488,586
-0.0009553639580944745,587
-0.0009594193325645227,588
-0.000963492123416982,589
-0.0009675824043552917,590
-0.0009716902493694565,591
-0.0009758157327369627,592
-0.0009799589290236928,593
-0.0009841199130848429,594
-0.0009882987600658406,595
-0.0009924955454032607,596
-0.0009967103448257457,597
-0.0010009432343549229,598
-0.0010051942903063242,599
-0.0010094635892903068,600
-0.0010137512082129723,601
-0.0010180572242770862,602
-0.0010223817149830026,603
-0.0010267247581295807,604
-0.0010310864318151109,605
-0.0010354668144382342,606
-0.001039865984698865,607
-0.0010442840215991152,608
-0.0010487210044442146,609
-0.0010531770128434364,610
-0.001057652126711019,611
-0.0010621464262670897,612
-0.0010666599920385893,613
-0.0010711929048601943,614
-0.001075745245875242,615
-0.0010803170965366544,616
-0.0010849085386078604,617
-0.0010895196541637227,618
-0.0010941505255914583,619
-0.0010988012355915662,620
-0.001103471867178747,621
-0.001108162503682831,622
-0.001112873228749697,623
-0.0011176041263422011,624
-0.0011223552807410949,625
-0.0011271267765459508,626
-0.0011319186986760866,627
-0.0011367311323714825,628
-0.001141564163193709,629
-0.001146417877026845,630
-0.0011512923600784013,631
-0.0011561876988802396,632
-0.001161103980289494,633
-0.0011660412914894912,634
-0.0011709997199906698,635
-0.001175979353631498,636
-0.0011809802805793947,637
-0.0011860025893316436,638
-0.0011910463687163134,639
-0.001196111707893172,640
-0.001201198696354603,641
-0.0012063074239265206,642
-0.0012114379807692834,643
-0.0012165904573786072,644
-0.0012217649445864776,645
-0.0012269615335620617,646
-0.001232180315812618,647
-0.0012374213831844053,648
-0.001242684827863593,649
-0.0012479707423771658,650
-0.0012532792195938318,651
-0.0012586103527249262,652
-0.0012639642353253165,653
-0.0012693409612943036,654
-0.001274740624876524,655
-0.0012801633206628489,656
-0.001285609143591284,657
-0.0012910781889478656,658
-0.0012965705523675566,659
-0.0013020863298351412,660
-0.0013076256176861164,661
-0.0013131885126075845,662
-0.0013187751116391414,663
-0.0013243855121737652,664
-0.0013300198119587014,665
-0.001335678109096348,666
-0.0013413605020451374,667
-0.0013470670896204174,668
-0.001352797970995329,669
-0.0013585532457016849,670
-0.0013643330136308422,671
-0.001370137375034576,672
-0.0013759664305259506,673
-0.001381820281080186,674
-0.0013876990280355269,675
-0.0013936027730941031,676
-0.0013995316183227952,677
-0.0014054856661540895,678
-0.0014114650193869393,679
-0.0014174697811876154,680
-0.0014235000550905602,681
-0.0014295559449992367,682
-0.001435637555186975,683
-0.0014417449902978156,684
-0.0014478783553473526,685
-0.0014540377557235697,686
-0.001460223297187678,687
-0.0014664350858749472,688
-0.0014726732282955369,689
-0.0014789378313353216,690
-0.0014852290022567163,691
-0.0014915468486994955,692
-0.001497891478681612,693
-0.0015042630006000094,694
-0.0015106615232314351,695
-0.0015170871557332456,696
-0.0015235400076442122,697
-0.001530020188885321,698
-0.0015365278097605696,699
-0.0015430629809577616,700
-0.0015496258135492943,701
-0.0015562164189929478,702
-0.0015628349091326647,703
-0.0015694813961993292,704
-0.001576155992811542,705
-0.0015828588119763906,706
-0.0015895899670902154,707
-0.0015963495719393723,708
-0.001603137740700991,709
-0.0016099545879437282,710
-0.001616800228628518,711
-0.0016236747781093162,712
-0.0016305783521338422,713
-0.0016375110668443134,714
-0.0016444730387781795,715
-0.001651464384868846,716
-0.0016584852224463993,717
-0.0016655356692383229,718
-0.0016726158433702104,719
-0.0016797258633664712,720
-0.0016868658481510367,721
-0.0016940359170480544,722
-0.0017012361897825827,723
-0.0017084667864812751,724
-0.0017157278276730655,725
-0.0017230194342898412,726
-0.0017303417276671165,727
-0.0017376948295446972,728
-0.001745078862067339,729
-0.0017524939477854037,730
-0.0017599402096555056,731
-0.001767417771041157,732
-0.0017749267557133996,733
-0.0017824672878514417,734
-0.0017900394920432757,735
-0.0017976434932863014,736
-0.001805279416987937,737
-0.0018129473889662228,738
-0.0018206475354504233,739
-0.0018283799830816178,740
-0.001836144858913288,741
-0.0018439422904118962,742
-0.001851772405457461,743
-0.0018596353323441196,744
-0.0018675311997806898,745
-0.0018754601368912204,746
-0.0018834222732155386,747
-0.0018914177387097837,748
-0.0018994466637469421,749
-0.001907509179117369,750
-0.0019156054160293025,751
-0.0019237355061093749,752
-0.0019318995814031116,753
-0.0019400977743754236,754
-0.0019483302179110957,755
-0.0019565970453152607,756
-0.00196489839031387,757
-0.0019732343870541556,758
-0.001981605170105081,759
-0.0019900108744577904,760
-0.00199845163552604,761
-0.002006927589146631,762
-0.0020154388715798257,763
-0.002023985619509761,764
-0.0020325679700448477,765
-0.0020411860607181683,766
-0.0020498400294878573,767
-0.002058530014737479,768
-0.0020672561552763937,769
-0.002076018590340115,770
-0.002084817459590656,771
-0.00209365290311687,772
-0.0021025250614347805,773
-0.002111434075487896,774
-0.0021203800866475228,775
-0.002129363236713067,776
-0.0021383836679123194,777
-0.0021474415229017383,778
-0.002156536944766721,779
-0.0021656700770218604,780
-0.0021748410636111934,781
-0.002184050048908445,782
-0.00219329717771725,783
-0.0022025825952713776,784
-0.00221190644723493,785
-0.0022212688797025463,786
-0.0022306700391995847,787
-0.0022401100726822934,788
-0.002249589127537978,789
-0.0022591073515851514,790
-0.002268664893073671,791
-0.002278261900684873,792
-0.0022878985235316863,793
-0.0022975749111587345,794
-0.002307291213542436,795
-0.0023170475810910794,796
-0.002326844164644898,797
-0.002336681115476123,798
-0.00234655858528903,799
-0.0023564767262199706,800
-0.0023664356908373943,801
-0.0023764356321418537,802
-0.002386476703566,803
-0.0023965590589745656,804
-0.00240668285266433,805
-0.0024168482393640764,806
-0.0024270553742345383,807
-0.002437304412868321,808
-0.0024475955112898233,809
-0.0024579288259551353,810
-0.002468304513751931,811
-0.0024787227319993358,812
-0.0024891836384477953,813
-0.002499687391278915,814
-0.0025102341491052976,815
-0.0025208240709703564,816
-0.00253145731634812,817
-0.002542134045143025,818
-0.002552854417689683,819
-0.0025636185947526475,820
-0.002574426737526153,821
-0.0025852790076338478,822
-0.002596175567128504,823
-0.0026071165784917237,824
-0.0026181022046336145,825
-0.0026291326088924614,826
-0.002640207955034379,827
-0.0026513284072529494,828
-0.0026624941301688376,829
-0.002673705288829401,830
-0.002684962048708275,831
-0.0026962645757049476,832
-0.0027076130361443104,833
-0.0027190075967762012,834
-0.0027304484247749256,835
-0.002741935687738761,836
-0.0027534695536894447,837
-0.002765050191071647,838
-0.0027766777687524245,839
-0.0027883524560206553,840
-0.0028000744225864594,841
-0.002811843838580601,842
-0.0028236608745538694,843
-0.0028355257014764474,844
-0.002847438490737258,845
-0.0028593994141432938,846
-0.002871408643918927,847
-0.0028834663527052074,848
-0.0028955727135591297,849
-0.0029077278999528936,850
-0.0029199320857731374,851
-0.002932185445320159,852
-0.0029444881533071134,853
-0.0029568403848591893,854
-0.0029692423155127726,855
-0.0029816941212145844,856
-0.0029941959783208044,857
-0.0030067480635961675,858
-0.0030193505542130484,859
-0.0030320036277505223,860
-0.003044707462193403,861
-0.003057462235931266,862
-0.003070268127757445,863
-0.003083125316868016,864
-0.0030960339828607518,865
-0.003108994305734059,866
-0.003122006465885897,867
-0.0031350706441126727,868
-0.0031481870216081118,869
-0.003161355779962116,870
-0.003174577101159589,871
-0.0031878511675792476,872
-0.0032011781619924093,873
-0.0032145582675617568,874
-0.0032279916678400818,875
-0.0032414785467690024,876
-0.003255019088677667,877
-0.0032686134782814237,878
-0.003282261900680477,879
-0.0032959645413585172,880
-0.0033097215861813277,881
-0.0033235332213953656,882
-0.003337399633626326,883
-0.0033513210098776772,884
-0.0033652975375291745,885
-0.00337932940433535,886
-0.0033934167984239786,887
-0.0034075599082945174,888
-0.0034217589228165294,889
-0.0034360140312280707,890
-0.0034503254231340605,891
-0.00346469328850463,892
-0.003479117817673435,893
-0.0034935992013359596,894
-0.003508137630547776,895
-0.0035227332967227975,896
-0.0035373863916314933,897
-0.003552097107399085,898
-0.003566865636503713,899
-0.0035816921717745807,900
-0.00359657690639007,901
-0.003611520033875835,902
-0.003626521748102863,903
-0.003641582243285516,904
-0.003656701713979544,905
-0.003671880355080066,906
-0.003687118361819532,907
-0.0037024159297656574,908
-0.0037177732548193225,909
-0.0037331905332124563,910
-0.0037486679615058856,911
-0.0037642057365871546,912
-0.0037798040556683275,913
-0.003795463116283755,914
-0.003811183116287812,915
-0.003826964253852611,916
-0.0038428067274656925,917
-0.0038587107359276734,918
-0.003874676478349882,919
-0.0038907041541519547,920
-0.003906793963059406,921
-0.003922946105101175,922
-0.003939160780607138,923
-0.003955438190205587,924
-0.003971778534820697,925
-0.003988182015669942,926
-0.004004648834261499,927
-0.004021179192391609,928
-0.004037773292141924,929
-0.004054431335876807,930
-0.004071153526240612,931
-0.0040879400661549365,932
-0.004104791158815835,933
-0.004121707007691011,934
-0.004138687816516968,935
-0.004155733789296147,936
-0.004172845130294011,937
-0.004190022044036121,938
-0.004207264735305164,939
-0.0042245734091379585,940
-0.004241948270822429,941
-0.004259389525894548,942
-0.004276897380135238,943
-0.004294472039567262,944
-0.004312113710452064,945
-0.004329822599286579,946
-0.004347598912800031,947
-0.00436544285795067,948
-0.004383354641922498,949
-0.004401334472121955,950
-0.004419382556174578,951
-0.004437499101921613,952
-0.004455684317416617,953
-0.004473938410922009,954
-0.0044922615909055936,955
-0.004510654066037058,956
-0.0045291160451844245,957
-0.0045476477374104835,958
-0.004566249351969179,959
-0.004584921098301973,960
-0.004603663186034169,961
-0.004622475824971205,962
-0.004641359225094914,963
-0.004660313596559749,964
-0.00467933914968897,965
-0.004698436094970808,966
-0.004717604643054591,967
-0.004736845004746819,968
-0.00475615739100724,969
-0.004775542012944854,970
-0.004794999081813909,971
-0.004814528809009856,972
-0.004834131406065258,973
-0.004853807084645679,974
-0.0048735560565455385,975
-0.004893378533683911,976
-0.004913274728100322,977
-0.004933244851950482,978
-0.004953289117501997,979
-0.004973407737130047,980
-0.004993600923313023,981
-0.005013868888628132,982
-0.005034211845746961,983
-0.00505463000743102,984
-0.00507512358652723,985
-0.005095692795963396,986
-0.005116337848743622,987
-0.005137058957943712,988
-0.005157856336706523,989
-0.005178730198237284,990
-0.005199680755798879,991
-0.005220708222707102,992
-0.005241812812325861,993
-0.0052629947380623595,994
-0.005284254213362234,995
-0.005305591451704663,996
-0.005327006666597434,997
-0.00534850007157197,998
-0.005370071880178335,999
