-0.10860326246324667,0
-0.10946523314295589,100
-0.10947770577040629,200
-0.10948180016097152,300
-0.10948377668922396,400
-0.10948493162031403,500
-0.10948569391840843,600
-0.10948624435424276,700
-0.10948667111004805,800
-0.10948702153074433,900
-0.1094873228475545,1000
-0.10948759159264435,1100
-0.10948783826936147,1200
-0.10948806982308476,1300
-0.10948829101566143,1400
-0.1094885052222287,1500
-0.10948871490996918,1600
-0.10948892193508525,1700
-0.1094891277324494,1800
-0.10948933344001198,1900
-0.10948953998247134,2000
-0.10948974812887018,2100
-0.10948995853311415,2200
-0.10949017176306232,2300
-0.10949038832181618,2400
-0.10949060866358352,2500
-0.10949083320570553,2600
-0.10949106233792849,2700
-0.10949129642966886,2800
-0.1094915358357995,2900
-0.10949178090133482,3000
-0.10949203196528896,3100
-0.10949228936390944,3200
-0.109492553433437,3300
-0.10949282451250679,3400
-0.10949310294427841,3500
-0.10949338907836367,3600
-0.10949368327260631,3700
-0.10949398589475742,3800
-0.1094942973240826,3900
-0.10949461795293011,4000
-0.10949494818828658,4100
-0.10949528845334178,4200
-0.10949563918908313,4300
-0.10949600085593846,4400
-0.10949637393548436,4500
-0.10949675893223808,4600
-0.10949715637554905,4700
-0.10949756682160901,4800
-0.10949799085559773,4900
-0.10949842909398465,5000
-0.10949888218700667,5100
-0.10949935082134528,5200
-0.10949983572302709,5300
-0.10950033766057586,5400
-0.10950085744844605,5500
-0.10950139595077187,5600
-0.10950195408547041,5700
-0.10950253282874141,5800
-0.10950313322001293,5900
-0.10950375636738773,6000
-0.10950440345365364,6100
-0.10950507574292996,6200
-0.10950577458803193,6300
-0.10950650143864823,6400
-0.10950725785044056,6500
-0.10950804549519091,6600
-0.10950886617214312,6700
-0.10950972182070755,6800
-0.10951061453472721,6900
-0.10951154657853612,7000
-0.10951252040508125,7100
-0.10951353867642677,7200
-0.10951460428701812,7300
-0.10951572039015195,7400
-0.10951689042818366,7500
-0.10951811816710715,7600
-0.1095194077362678,7700
-0.10952076367412492,7800
-0.10952219098117198,7900
-0.1095236951813612,8000
-0.10952528239367575,8100
-0.10952695941586621,8200
-0.10952873382283733,8300
-0.10953061408276799,8400
-0.10953260969480741,8500
-0.10953473135316835,8600
-0.10953699114369976,8700
-0.10953940278066464,8800
-0.10954198189360065,8900
-0.10954474637698133,9000
-0.10954771681917166,9100
-0.10955091703223128,9200
-0.10955437471094998,9300
-0.10955812225879863,9400
-0.10956219783123909,9500
-0.10956664666447967,9600
-0.10957152278235685,9700
-0.10957689120853661,9800
-0.10958283085997218,9900
-0.10958943836669878,10000
-0.10959683316132977,10100
-0.10960516432101106,10200
-0.10961461984051707,10300
-0.10962543928493126,10400
-0.10963793112647809,10500
-0.10965249650109106,10600
-0.1096696615433164,10700
-0.1096901206158298,10800
-0.10971479202008372,10900
-0.10974488491487004,11000
-0.10978196926764511,11100
-0.10982802818171213,11200
-0.10988545626059237,11300
-0.10995696025320507,11400
-0.11004533741593893,11500
-0.11015315753327065,11600
-0.11028242897027708,11700
-0.11043435365043358,11800
-0.11060926342261684,11900
-0.11080678170895492,12000
-0.11102617260547527,12100
-0.11126674974019807,12200
-0.11152816353019393,12300
-0.11181043213039338,12400
-0.1121137359216721,12500
-0.11243813526933973,12600
-0.11278337958977422,12700
-0.11314888972384057,12800
-0.11353391611165792,12900
-0.11393781480069827,13000
-0.11436031381551133,13100
-0.11480161048234774,13200
-0.11526221880022258,13300
-0.11574265437296567,13400
-0.11624317008567428,13500
-0.11676371624121293,13600
-0.11730412990559883,13700
-0.1178644016143227,13800
-0.11844481329245572,13900
-0.1190458066673365,14000
-0.11966760079936689,14100
-0.12030975071199328,14200
-0.1209709051881981,14300
-0.12164891582676303,14400
-0.12234125606387208,14500
-0.12304558156950461,14600
-0.12376026167615618,14700
-0.12448476816263947,14800
-0.1252198475743357,14900
-0.12596742859805626,15000
-0.12673026012527297,15100
-0.12751133741721993,15200
-0.12831323125744237,15300
-0.12913749015832898,15400
-0.1299843196422991,15500
-0.13085265465613335,15600
-0.1317405222940391,15700
-0.1326454600400917,15800
-0.13356484053738993,15900
-0.13449608427596535,16000
-0.1354367651374635,16100
-0.13638462517592764,16200
-0.13733757842619548,16300
-0.13829378076781562,16400
-0.13925173991996306,16500
-0.14021037186772384,16600
-0.1411689456973695,16700
-0.14212692040516312,16800
-0.14308369238419735,16900
-0.14403827529802968,17000
-0.14498899992494957,17100
-0.14593340961525583,17200
-0.14686847886761667,17300
-0.14779107707663883,17400
-0.14869844485658787,17500
-0.14958849029168014,17600
-0.1504598560996111,17700
-0.15131181002247562,17800
-0.15214403126771825,17900
-0.15295635199981492,18000
-0.15374851475493448,18100
-0.15452002136829152,18200
-0.15527012602367582,18300
-0.15599795038335595,18400
-0.15670264430701586,18500
-0.15738353533796703,18600
-0.15804025168296407,18700
-0.15867280901216888,18800
-0.1592816431077914,18900
-0.15986757934248602,19000
-0.16043174531508309,19100
-0.16097544085727633,19200
-0.16149998723890807,19300
-0.16200659159517458,19400
-0.1624962683780657,19500
-0.16296983348285307,19600
-0.1634279388802283,19700
-0.16387109561133853,19800
-0.16429966628058643,19900
-0.16471385627453286,20000
-0.16511374203288723,20100
-0.16549933889097165,20200
-0.16587067421402948,20300
-0.16622783291451795,20400
-0.16657097282040917,20500
-0.16690033105835286,20600
-0.16721624266639365,20700
-0.1675191780432979,20800
-0.16780979019279488,20900
-0.16808894881839664,21000
-0.1683577182170784,21100
-0.16861720541090605,21200
-0.16886820274420178,21300
-0.1691106960378686,21400
-0.1693436332881126,21500
-0.1695653712225662,21600
-0.16977453465202744,21700
-0.1699705637115444,21800
-0.17015371013927275,21900
-0.17032477355628067,22000
-0.17048485788812245,22100
-0.1706352319409693,22200
-0.1707772743301389,22300
-0.1709124608034667,22400
-0.17104234541441612,22500
-0.17116846207270142,22600
-0.17129204334303028,22700
-0.17141352867021575,22800
-0.171532154926359,22900
-0.17164618241868626,23000
-0.17175378770285984,23100
-0.17185385560193303,23200
-0.1719461377060923,23300
-0.17203098488821114,23400
-0.17210903054011809,23500
-0.1721809827967805,23600
-0.17224752305403862,23700
-0.17230926849053252,23800
-0.17236676532766337,23900
-0.17242049431890075,24000
-0.1724708797692038,24100
-0.1725182985202944,24200
-0.17256308771164466,24300
-0.17260555111876025,24400
-0.17264596423068432,24500
-0.17268457832181172,24600
-0.17272162376389488,24700
-0.17275731278297876,24800
-0.17279184182099597,24900
-0.17282539362278593,25000
-0.1728581391388702,25100
-0.17289023931217265,25200
-0.17292184680197187,25300
-0.17295310768965055,25400
-0.17298416320754298,25500
-0.17301515153408994,25600
-0.1730462097059211,25700
-0.1730774757114263,25800
-0.17310909085285506,25900
-0.17314120249834347,26000
-0.1731739673968114,26100
-0.173207555805638,26200
-0.17324215679595084,26300
-0.1732779852716268,26400
-0.17331529148995536,26500
-0.1733543742266581,26600
-0.17339559916912636,26700
-0.17343942446325863,26800
-0.173486434817296,26900
-0.173537381707232,27000
-0.17359321331514943,27100
-0.1736550402912364,27200
-0.17372391483647062,27300
-0.17380027950984658,27400
-0.17388324248832088,27500
-0.17397047646159552,27600
-0.17405932683685715,27700
-0.17414820964514893,27800
-0.17423705841216103,27900
-0.17432681792949675,28000
-0.17441847623606482,28100
-0.174511912268234,28200
-0.17460517349725224,28300
-0.1746951195769133,28400
-0.17477902872784995,28500
-0.17485554378202256,28600
-0.1749245002511705,28700
-0.17498636964885536,28800
-0.1750418495628879,28900
-0.1750916668254846,29000
-0.17513650620322022,29100
-0.1751769918627673,29200
-0.17521368624752282,29300
-0.17524709328583574,29400
-0.1752776622148671,29500
-0.17530579137990215,29600
-0.1753318320774887,29700
-0.17535609252395773,29800
-0.1753788419269399,29900
-0.17540031456866567,30000
-0.17542071379074936,30100
-0.17544021578298755,30200
-0.1754589731053282,30300
-0.17547711790092088,30400
-0.17549476478316386,30500
-0.17551201339881517,30600
-0.17552895068247398,30700
-0.17554565282593482,30800
-0.175562186990214,30900
-0.17557861278955425,31000
-0.1755949835763526,31100
-0.1756113475544508,31200
-0.17562774874610046,31300
-0.1756442278355342,31400
-0.1756608229096909,31500
-0.17567757011441185,31600
-0.17569450424246089,31700
-0.17571165926808266,31800
-0.17572906884157133,31900
-0.17574676675651157,32000
-0.17576478740206083,32100
-0.1757831662129417,32200
-0.17580194013084932,32300
-0.17582114809293098,32400
-0.17584083156614352,32500
-0.175861035151032,32600
-0.17588180728537958,32700
-0.1759032010881138,32800
-0.17592527539810437,32900
-0.17594809608299958,33000
-0.1759717377230022,33100
-0.1759962858180027,33200
-0.17602183973059768,33300
-0.17604851667223134,33400
-0.1760764571789434,33500
-0.17610583272415462,33600
-0.176136856393076,33700
-0.17616979788597895,33800
-0.17620500441807474,33900
-0.17624292892745885,34000
-0.17628416509497158,34100
-0.1763294814701727,34200
-0.17637982635864347,34300
-0.1764362296326407,34400
-0.17649947209759506,34500
-0.1765694649862641,34600
-0.17664471803491028,34700
-0.17672269110642025,34800
-0.17680105646291303,34900
-0.17687870908529327,35000
-0.17695581749886669,35100
-0.17703324731390277,35200
-0.17711176552009106,35300
-0.17719122432291137,35400
-0.1772701590711666,35500
-0.17734631037168755,35600
-0.17741770894653155,35700
-0.17748333439670738,35800
-0.17754305176878188,35900
-0.17759724300708665,36000
-0.1776464913769526,36100
-0.17769140397263164,36200
-0.17773253545169818,36300
-0.1777703654960291,36400
-0.17780529991046587,36500
-0.17783768014725534,36600
-0.17786779449494627,36700
-0.177895888302213,36800
-0.17792217245959954,36900
-0.17794683012268606,37000
-0.1779700219264872,37100
-0.17799188999634474,37200
-0.17801256103468815,37300
-0.17803214871270465,37400
-0.17805075554457242,37500
-0.1780684743777786,37600
-0.17808538959800657,37700
-0.1781015781204336,37800
-0.17811711021954096,37900
-0.17813205023516182,38000
-0.17814645718212915,38100
-0.1781603852834785,38200
-0.17817388444188192,38300
-0.17818700066024393,38400
-0.17819977641973192,38500
-0.1782122510216266,38600
-0.17822446089803817,38700
-0.17823643989557783,38800
-0.1782482195353978,38900
-0.17825982925252404,39000
-0.17827129661706673,39100
-0.1782826475396508,39200
-0.1782939064632478,39300
-0.17830509654348686,39400
-0.1783162398194675,39500
-0.17832735737708083,39600
-0.1783384695068663,39700
-0.1783495958584837,39800
-0.1783607555939667,39900
-0.1783719675420495,40000
-0.17838325035602437,40100
-0.17839462267781123,40200
-0.1784061033112164,40300
-0.17841771140774706,40400
-0.17842946666887805,40500
-0.17844138956938027,40600
-0.17845350160730072,40700
-0.17846582558753443,40800
-0.17847838594780505,40900
-0.17849120913848757,41000
-0.178504324071368,41100
-0.1785177626575773,41200
-0.17853156046217158,41300
-0.17854575751305052,41400
-0.17856039931638584,41500
-0.17857553815136454,41600
-0.17859123474663488,41700
-0.17860756048360904,41800
-0.17862460033413893,41900
-0.178642456831666,42000
-0.17866125550958423,42100
-0.17868115243563387,42200
-0.17870234473971855,42300
-0.17872508535012144,42400
-0.1787497033456187,42500
-0.1787766307380935,42600
-0.1788064330770995,42700
-0.17883982966989864,42800
-0.17887765905553255,42900
-0.1789206913384675,43000
-0.17896916869284535,43100
-0.17902217122604952,43200
-0.17907740885418624,43300
-0.17913199580652844,43400
-0.17918363422116598,43500
-0.17923115768290843,43600
-0.17927432693657563,43700
-0.1793134016157156,43800
-0.17934882137347655,43900
-0.17938104179837785,44000
-0.17941047109807137,44100
-0.17943745606152584,44200
-0.17946228738495007,44300
-0.1794852102497232,44400
-0.1795064345248342,44500
-0.17952614288803484,44600
-0.17954449675122486,44700
-0.17956164039957542,44800
-0.17957770383660854,44900
-0.17959280475489756,45000
-0.1796070499446637,45100
-0.1796205363550039,45200
-0.17963335194708077,45300
-0.1796455764250627,45400
-0.17965728189471125,45500
-0.1796685334765839,45600
-0.1796793898868737,45700
-0.17968990399091453,45800
-0.17970012333018723,45900
-0.1797100906217873,46000
-0.17971984422878867,46100
-0.17972941860012867,46200
-0.17973884467916773,46300
-0.17974815028070815,46400
-0.1797573604368682,46500
-0.17976649771273207,46600
-0.17977558249311693,46700
-0.17978463324210062,46800
-0.17979366673716196,46900
-0.17980269827989964,47000
-0.17981174188534546,47100
-0.1798208104518782,47200
-0.17982991591369696,47300
-0.17983906937773622,47400
-0.17984828124680907,47500
-0.17985756133066075,47600
-0.17986691894650375,47700
-0.1798763630104979,47800
-0.1798859021215324,47900
-0.17989554463857263,48000
-0.17990529875274255,48100
-0.17991517255524228,48200
-0.17992517410213568,48300
-0.1799353114769995,48400
-0.17994559285240086,48500
-0.17995602655116816,48600
-0.1799666211084502,48700
-0.17997738533562174,48800
-0.17998832838720374,48900
-0.17999945983212942,49000
-0.18001078973092188,49100
-0.1800223287206662,49200
-0.18003408811008295,49300
-0.18004607998756364,49400
-0.18005831734574404,49500
-0.18007081422710564,49600
-0.18008358589625684,49700
-0.1800966490460174,49800
-0.18011002204629675,49900
-0.1801237252471315,50000
-0.18013778135029748,50100
-0.1801522158678734,50200
-0.18016705769136326,50300
-0.18018233980202208,50400
-0.18019810016269186,50500
-0.18021438284500596,50600
-0.18023123946520425,50700
-0.18024873103001093,50800
-0.18026693033565375,50900
-0.18028592512504052,51000
-0.18030582230034117,51100
-0.18032675362385078,51200
-0.1803488835320252,51300
-0.18037241993379546,51400
-0.1803976290950493,51500
-0.18042485562719685,51600
-0.18045454721254964,51700
-0.18048727823136637,51800
-0.18052375052839353,51900
-0.18056471449312209,52000
-0.180610710931703,52100
-0.1806615823622505,52200
-0.1807160084469346,52300
-0.18077165358719963,52400
-0.18082606766322024,52500
-0.18087756617813597,52600
-0.18092544339701855,52700
-0.1809696949683605,52800
-0.18101066912725425,52900
-0.18104883331139573,53000
-0.18108465738677207,53100
-0.18111856780364813,53200
-0.18115093660670922,53300
-0.18118208530714747,53400
-0.1812122941470157,53500
-0.18124181276380597,53600
-0.18127087086534008,53700
-0.18129968873155616,53800
-0.18132848795427275,53900
-0.18135750318859953,54000
-0.18138699598932548,54100
-0.18141727206777364,54200
-0.1814487033433483,54300
-0.18148175527403743,54400
-0.1815170160826839,54500
-0.1815552126123959,54600
-0.1815971686441142,54700
-0.18164361375107255,54800
-0.18169474342295186,54900
-0.18174964551702943,55000
-0.18180615243753892,55100
-0.18186158494472884,55200
-0.18191383236188827,55300
-0.1819618384213179,55400
-0.1820054130712294,55500
-0.18204484065383436,55600
-0.18208058340570132,55700
-0.182113123279122,55800
-0.1821428957826927,55900
-0.18217027089990345,56000
-0.1821955545199799,56100
-0.18221899724806753,56200
-0.18224080472943366,56300
-0.18226114713506056,56400
-0.18228016705633013,56500
-0.18229798574382486,56600
-0.18231470788907247,56700
-0.18233042522092566,56800
-0.1823452191799414,56900
-0.18235916289594717,57000
-0.18237232264928455,57100
-0.1823847589548498,57200
-0.18239652737339337,57300
-0.18240767912707756,57400
-0.18241826157525537,57500
-0.18242831859070197,57600
-0.1824378908649543,57700
-0.18244701616300482,57800
-0.18245572954154737,57900
-0.18246406354065595,58000
-0.18247204835572173,58100
-0.18247971199432578,58200
-0.1824870804212269,58300
-0.1824941776936093,58400
-0.18250102608802746,58500
-0.18250764622001076,58600
-0.18251405715697339,58700
-0.1825202765248739,58800
-0.18252632060894017,58900
-0.1825322044487025,59000
-0.18253794192753448,59100
-0.18254354585688393,59200
-0.18254902805536932,59300
-0.18255439942291932,59400
-0.1825596700101397,59500
-0.18256484908309747,59600
-0.18256994518371986,59700
-0.18257496618601093,59800
-0.18257991934829235,59900
-0.18258481136167662,60000
-0.18258964839498143,60100
-0.1825944361362916,60200
-0.18259917983137164,60300
-0.1826038843191278,60400
-0.18260855406431128,60500
-0.1826131931876497,60600
-0.18261780549358336,60700
-0.18262239449577755,60800
-0.18262696344057264,60900
-0.18263151532852445,61000
-0.18263605293418078,61100
-0.18264057882422877,61200
-0.18264509537414197,61300
-0.18264960478344613,61400
-0.18265410908971497,61500
-0.1826586101814002,61600
-0.1826631098095919,61700
-0.1826676095987995,61800
-0.18267211105683465,61900
-0.18267661558387513,62000
-0.18268112448077775,62100
-0.18268563895670767,62200
-0.18269016013614278,62300
-0.18269468906530914,62400
-0.1826992267180977,62500
-0.18270377400150897,62600
-0.18270833176066825,62700
-0.1827129007834507,62800
-0.1827174818047513,62900
-0.18272207551043312,63000
-0.18272668254098318,63100
-0.1827313034949032,63200
-0.18273593893186035,63300
-0.18274058937561982,63400
-0.1827452553167809,63500
-0.1827499372153342,63600
-0.18275463550305776,63700
-0.18275935058576684,63800
-0.18276408284543208,63900
-0.18276883264217808,64000
-0.1827736003161743,64100
-0.18277838618942832,64200
-0.1827831905674912,64300
-0.18278801374108294,64400
-0.18279285598764586,64500
-0.18279771757283278,64600
-0.18280259875193586,64700
-0.1828074997712618,64800
-0.1828124208694581,64900
-0.18281736227879464,65000
-0.1828223242264048,65100
-0.18282730693548893,65200
-0.1828323106264839,65300
-0.1828373355182006,65400
-0.18284238182893245,65500
-0.18284744977753634,65600
-0.18285253958448824,65700
-0.18285765147291494,65800
-0.18286278566960298,65900
-0.18286794240598658,66000
-0.18287312191911512,66100
-0.18287832445260124,66200
-0.18288355025755046,66300
-0.18288879959347312,66400
-0.1828940727291792,66500
-0.18289936994365658,66600
-0.18290469152693314,66700
-0.18291003778092396,66800
-0.18291540902026276,66900
-0.18292080557311946,67000
-0.18292622778200288,67100
-0.1829316760045497,67200
-0.1829371506143,67300
-0.1829426520014588,67400
-0.18294818057364454,67500
-0.18295373675662444,67600
-0.18295932099503606,67700
-0.18296493375309564,67800
-0.18297057551529275,67900
-0.1829762467870707,68000
-0.1829819480954923,68100
-0.18298767998989018,68200
-0.18299344304250095,68300
-0.1829992378490821,68400
-0.18300506502951017,68500
-0.1830109252283588,68600
-0.18301681911545503,68700
-0.18302274738641194,68800
-0.18302871076313545,68900
-0.1830347099943024,69000
-0.1830407458558084,69100
-0.18304681915118157,69200
-0.18305293071196002,69300
-0.1830590813980297,69400
-0.18306527209791942,69500
-0.18307150372905062,69600
-0.18307777723793772,69700
-0.18308409360033764,69800
-0.18309045382134465,69900
-0.1830968589354295,70000
-0.1831033100064205,70100
-0.18310980812742647,70200
-0.18311635442070054,70300
-0.18312295003744783,70400
-0.18312959615757726,70500
-0.1831362939894039,70600
-0.18314304476930585,70700
-0.18314984976134507,70800
-0.18315671025686148,70900
-0.18316362757405366,71000
-0.18317060305756191,71100
-0.1831776380780726,71200
-0.18318473403196553,71300
-0.18319189234103125,71400
-0.18319911445228712,71500
-0.18320640183792725,71600
-0.18321375599544443,71700
-0.1832211784479671,71800
-0.1832286707448612,71900
-0.18323623446265,72000
-0.18324387120631266,72100
-0.18325158261102864,72200
-0.18325937034444165,72300
-0.18326723610952628,72400
-0.18327518164814832,72500
-0.1832832087454212,72600
-0.1832913192349726,72700
-0.18329951500524927,72800
-0.18330779800700417,72900
-0.18331617026212924,73000
-0.18332463387401934,73100
-0.18333319103968004,73200
-0.18334184406382298,73300
-0.1833505953752334,73400
-0.18335944754573852,73500
-0.18336840331216672,73600
-0.18337746560175716,73700
-0.18338663756156892,73800
-0.1833959225925522,73900
-0.18340532438908388,74000
-0.1834148469849497,74100
-0.18342449480698375,74200
-0.18343427273786697,74300
-0.18344418618996125,74400
-0.18345424119253895,74500
-0.1834644444953891,74600
-0.18347480369259095,74700
-0.18348532737129145,74800
-0.1834960252916861,74900
-0.1835069086061665,75000
-0.1835179901278854,75100
-0.1835292846619185,75200
-0.18354080941591974,75300
-0.1835525845117569,75400
-0.18356463362506711,75500
-0.1835769847856618,75600
-0.1835896713772905,75700
-0.18360273337820468,75800
-0.18361621887965462,75900
-0.18363018589913307,76000
-0.1836447044534611,76100
-0.18365985874913876,76200
-0.18367574915016277,76300
-0.18369249326375114,76400
-0.1837102250422785,76500
-0.18372909033988283,76600
-0.18374923719860817,76700
-0.18377079984684852,76800
-0.18379387758587779,76900
-0.1838185133413762,77000
-0.18384467995351475,77100
-0.18387228209038012,77200
-0.1839011759471667,77300
-0.18393120011691383,77400
-0.18396220556448983,77500
-0.18399407480883803,77600
-0.18402672789032143,77700
-0.18406011938629074,77800
-0.18409423295783411,77900
-0.1841290783637886,78000
-0.18416469314794937,78100
-0.18420114916836153,78200
-0.18423856335872774,78300
-0.18427711236875358,78400
-0.18431705152238698,78500
-0.18435873919259183,78600
-0.18440266699205862,78700
-0.18444949108395328,78800
-0.18450004295982209,78900
-0.18455525593282326,79000
-0.1846158776531728,79100
-0.18468185796934508,79200
-0.1847516799388182,79300
-0.18482246371791383,79400
-0.18489115773900924,79500
-0.18495572682212602,79600
-0.18501538953337268,79700
-0.1850702035847295,79800
-0.18512060440772365,79900
-0.18516712453168477,80000
-0.18521026871958915,80100
-0.18525047402210607,80200
-0.18528810643695748,80300
-0.18532347006165686,80400
-0.18535681863956066,80500
-0.18538836596565517,80600
-0.18541829430672896,80700
-0.18544676093783236,80800
-0.1854739031444564,80900
-0.18549984204162542,81000
-0.18552468549681803,81100
-0.18554853037585078,81200
-0.18557146427624008,81300
-0.18559356687200537,81400
-0.18561491096421046,81500
-0.18563556330948514,81600
-0.18565558528193768,81700
-0.18567503341073247,81800
-0.18569395982524003,81900
-0.18571241263148755,82000
-0.18573043623724575,82100
-0.18574807163817567,82200
-0.1857653566737568,82300
-0.18578232625899777,82400
-0.1857990125959848,82500
-0.18581544536797287,82600
-0.18583165191782935,82700
-0.18584765741207387,82800
-0.1858634849914354,82900
-0.1858791559086917,83000
-0.18589468965452188,83100
-0.18591010407213998,83200
-0.1859254154615704,83300
-0.1859406386745421,83400
-0.18595578720110276,83500
-0.18597087324917652,83600
-0.18598590781838503,83700
-0.1860009007695171,83800
-0.18601586089104866,83900
-0.1860307959640747,84000
-0.18604571282690882,84100
-0.18606061744043054,84200
-0.18607551495502228,84300
-0.18609040977964042,84400
-0.18610530565323105,84500
-0.18612020571835047,84600
-0.18613511259650728,84700
-0.18615002846444223,84800
-0.18616495513031886,84900
-0.18617989410864175,85000
-0.1861948466926524,85100
-0.18620981402298484,85200
-0.1862247971514791,85300
-0.1862397970992411,85400
-0.18625481490827395,85500
-0.1862698516862701,85600
-0.18628490864441888,85700
-0.18629998712832993,85800
-0.18631508864238575,85900
-0.18633021486800702,86000
-0.1863453676764345,86100
-0.18636054913670969,86200
-0.18637576151957022,86300
-0.18639100729797814,86400
-0.18640628914497268,86500
-0.18642160992949644,86600
-0.18643697271078882,86700
-0.18645238073187997,86800
-0.18646783741265693,86900
-0.18648334634291316,87000
-0.18649891127573773,87100
-0.1865145361215465,87200
-0.18653022494301252,87300
-0.18654598195110872,87400
-0.18656181150243686,87500
-0.1865777180979832,87600
-0.18659370638340464,87700
-0.18660978115092297,87800
-0.18662594734287294,87900
-0.1866422100569259,88000
-0.1866585745529863,88100
-0.186675046261737,88200
-0.18669163079479326,88300
-0.1867083339564114,88400
-0.18672516175669177,88500
-0.186742120426215,88600
-0.18675921643205778,88700
-0.1867764564951524,88800
-0.1867938476089796,88900
-0.1868113970596277,89000
-0.18682911244729816,89100
-0.18684700170940982,89200
-0.186865073145532,89300
-0.18688333544447683,89400
-0.18690179771399482,89500
-0.18692046951364993,89600
-0.18693936089160085,89700
-0.18695848242618296,89800
-0.18697784527337438,89900
-0.18699746122143573,90000
-0.1870173427542466,90100
-0.1870375031251147,90200
-0.1870579564431226,90300
-0.18707871777440124,90400
-0.18709980326109685,90500
-0.18712123026124663,90600
-0.18714301751332554,90700
-0.1871651853299155,90800
-0.18718775582583727,90900
-0.18721075318725824,91000
-0.1872342039898635,91100
-0.18725813757631787,91200
-0.1872825865061789,91300
-0.18730758709545875,91400
-0.18733318006861083,91500
-0.18735941135343595,91600
-0.18738633306010596,91700
-0.1874140047003752,91800
-0.18744249472381122,91900
-0.18747188247702334,92000
-0.18750226073314885,92100
-0.18753373899793838,92200
-0.18756644788428276,92300
-0.18760054497186401,92400
-0.18763622275110428,92500
-0.1876737195129234,92600
-0.18771333440166157,92700
-0.18775544825374532,92800
-0.1878005520358136,92900
-0.18784928371768173,93000
-0.18790246941810815,93100
-0.18796114865869804,93200
-0.18802652522038946,93300
-0.1880997293220414,93400
-0.1881813020523693,93500
-0.18827062990136917,93600
-0.18836596244801948,93700
-0.1884651355558934,93800
-0.1885660246655364,93900
-0.18866623681707692,94000
-0.18876300042231345,94100
-0.18885388856841287,94200
-0.18893756118358182,94300
-0.18901379159887075,94400
-0.1890830398859814,94500
-0.18914604039792238,94600
-0.1892035621743415,94700
-0.1892563074148806,94800
-0.18930488347671615,94900
-0.18934980586005476,95000
-0.18939151115251715,95100
-0.18943037118022793,95200
-0.1894667053658979,95300
-0.18950079066639278,95400
-0.18953286930676677,95500
-0.1895631547453693,95600
-0.18959183629304457,95700
-0.18961908273148217,95800
-0.18964504519222927,95900
-0.18966985948775755,96000
-0.18969364803243044,96100
-0.18971652145215676,96200
-0.18973857995369714,96300
-0.18975991450503218,96400
-0.18978060786452972,96500
-0.1898007354871106,96600
-0.1898203663289507,96700
-0.18983956356758172,96800
-0.18985838525095924,96900
-0.18987688488672594,97000
-0.18989511198122302,97100
-0.18991311253660179,97200
-0.1899309295135257,97300
-0.18994860326634735,97400
-0.18996617195724802,97500
-0.18998367195561042,97600
-0.19000113822886483,97700
-0.1900186047312192,97800
-0.19003610479710256,97900
-0.19005367154688857,98000
-0.19007133831361958,98100
-0.1900891391011789,98200
-0.19010710908685602,98300
-0.19012528518483549,98400
-0.1901437066922324,98500
-0.1901624160465554,98600
-0.1901814597338339,98700
-0.19020088940153174,98800
-0.1902207632519185,98900
-0.1902411478230454,99000
-0.19026212031082068,99100
-0.190283771654404,99200
-0.19030621070928241,99300
-0.19032956998311737,99400
-0.19035401362571064,99500
-0.19037974865145937,99600
-0.19040704067430622,99700
-0.19043623547680041,99800
-0.19046778657582067,99900
